1.263645887374878 -0.0002598762512207031
2.1655168533325195 0.03237748146057129
2.78133487701416 0.03726959228515625
3.237572193145752 0.03973031044006348
3.6675124168395996 0.06995952129364014
4.072835922241211 -0.00848245620727539
4.479755401611328 -0.14266538619995117
4.945348739624023 -0.4113478660583496
5.464676856994629 -0.40854644775390625
5.849508285522461 -0.5987367630004883
6.424625396728516 -0.6776251792907715
7.057625770568848 -0.5920586585998535
7.66158390045166 -0.3418307304382324
8.18255615234375 0.047564148902893066
8.65268611907959 0.21591174602508545
9.349735260009766 0.4147486686706543
9.851468086242676 0.5576229095458984
10.52938461303711 0.757713794708252
11.15011215209961 0.9024374485015869
11.77579402923584 0.8250980377197266
12.229562759399414 0.8851146697998047
12.395566940307617 1.3610520362854004
12.333304405212402 1.8357830047607422
12.327252388000488 2.2832183837890625
12.317798614501953 2.813721179962158
12.197310447692871 3.2591753005981445
12.077980995178223 3.7876198291778564
11.55929946899414 4.112055778503418
10.933391571044922 4.126079559326172
10.398934364318848 4.171555519104004
9.861806869506836 4.104031562805176
9.357855796813965 3.9563674926757812
8.741888046264648 4.081832408905029
7.991055488586426 4.037989139556885
7.379805564880371 3.997211217880249
6.830638408660889 3.932286500930786
6.197216987609863 3.9193668365478516
5.543693542480469 3.742697238922119
4.973878860473633 3.703970193862915
4.402369499206543 3.7473857402801514
3.8868889808654785 3.764349937438965
3.3494083881378174 3.6454968452453613
2.7586026191711426 3.7152762413024902
2.251403570175171 3.542752742767334
1.7249770164489746 3.235456943511963
1.5188827514648438 2.720705986022949
1.4194412231445312 2.0738186836242676
1.4023497104644775 1.4540281295776367
1.7531616687774658 1.0001001358032227
2.3439860343933105 0.7089595794677734
2.7208266258239746 0.5502181053161621
3.3695342540740967 0.3404247760772705
3.8035309314727783 0.04758286476135254
3.9968721866607666 -0.24991607666015625
4.434723377227783 -0.7135574817657471
4.8686418533325195 -0.7661433219909668
5.361911773681641 -1.0084359645843506
6.043881893157959 -0.951650857925415
6.3940300941467285 -0.6984779834747314
6.88663387298584 -0.3426799774169922
7.599540710449219 0.18004059791564941
8.176204681396484 0.5983661413192749
8.813281059265137 0.8517767190933228
9.419509887695312 1.3283014297485352
9.473396301269531 1.9376256465911865
9.215347290039062 2.2383790016174316
8.817926406860352 2.398266077041626
8.404290199279785 2.254385471343994
7.87984561920166 2.0819363594055176
7.40995979309082 1.9375874996185303
6.831169605255127 1.9299020767211914
6.388483047485352 1.8962993621826172
