1.396775245666504 3.0369787216186523
3.3292038440704346 3.0346455574035645
12.00235366821289 2.8997631072998047
12.0 2.33
12.14 1.86
12.0 1.3
11.76 1.01
11.48 0.77
11.22 0.64
10.94 0.52
10.73 0.45
10.49 0.43
9.96 0.18
9.58 -0.02
9.09 -0.2
8.92 -0.19
8.14 -0.16
7.75 -0.12
7.42 -0.06
7.15 -0.03
6.78 0.02
6.43 0.11
6.23 0.15
5.88 0.21
5.55 0.25
5.14 0.35
4.62 0.61
4.22 0.99
3.87 1.38
3.49 1.73
3.09 1.87
2.61 1.91
2.41 1.87
1.82 1.6
1.54 1.4
1.21 1.12
0.97 0.9
0.72 0.63
0.38 0.3
0.1 0.1
-0.14 -0.03
-0.49 0.3
-0.42 0.42
-0.38 0.52
-0.38 0.6
-0.29 0.54
-0.2 0.5
0.02 0.45
0.17 0.43
0.21 0.41
0.25 0.31
0.16 0.21
0.03 0.17
0.04 0.09
