0.13553738594055176 0.06836080551147461
0.7251057624816895 0.3878147602081299
1.0974493026733398 0.785560131072998
1.5013113021850586 1.1550920009613037
2.058116912841797 1.5672972202301025
2.491328716278076 1.9706194400787354
2.9412460327148438 2.1892569065093994
3.4177517890930176 2.441073179244995
3.8922524452209473 2.724555253982544
4.767230987548828 3.100464344024658
5.684076309204102 3.355635643005371
6.269620895385742 3.462083101272583
6.763110637664795 3.561915636062622
7.16688871383667 3.623366117477417
7.628468036651611 3.688076972961426
8.34372615814209 3.8034567832946777
8.79842758178711 4.089221954345703
9.115413665771484 4.424805641174316
9.367084503173828 4.882116317749023
9.558882713317871 5.272922515869141
9.947044372558594 5.583981513977051
10.345691680908203 5.739616870880127
10.717687606811523 5.423871040344238
11.300554275512695 5.217765808105469
11.522584915161133 4.82728385925293
11.673564910888672 4.461362838745117
11.703511238098145 4.0556793212890625
11.734016418457031 3.649430990219116
11.583359718322754 3.1052043437957764
11.449943542480469 2.782012701034546
11.118206024169922 2.0983164310455322
10.579463005065918 1.7462646961212158
9.959527015686035 1.513530969619751
9.273947715759277 1.4644577503204346
8.588020324707031 1.3214282989501953
8.33479118347168 1.3062999248504639
7.833456993103027 1.3300530910491943
7.218845844268799 1.2238812446594238
6.841341495513916 1.2284952402114868
6.311866760253906 1.1899644136428833
5.877547740936279 1.1590659618377686
5.161713600158691 1.1382596492767334
4.600806713104248 1.1614344120025635
4.218918800354004 1.256765365600586
3.7837612628936768 1.2571616172790527
