3.552713678800501e-15 0.0
-0.6498667768015913 -0.7600481382185649
-0.7438610579688074 -1.1488476689639846
-1.5433185757193115 -1.749570298229937
-1.7195296357956522 -2.1086659154501604
-2.1600572859865075 -3.0064049585007133
-3.0709218486627137 -3.4191103600411843
-3.5263541300008185 -3.62546306081142
-3.9668817801916703 -4.523202103861973
-4.965027752204847 -4.46233652611993
-5.293211230939335 -3.517722528613156
-5.495247654161158 -3.3704768709803012
-5.991644980296098 -3.310562810810051
-6.681646974073399 -2.5867553442947155
-7.674441626343274 -2.4669272239542153
-8.006746213577742 -2.244275789413745
-7.975289574825119 -2.097611274692607
