0.7715177536010742 0.060442209243774414
1.324838638305664 0.1116025447845459
1.8029050827026367 0.189985990524292
2.6004550457000732 0.254011869430542
3.120779514312744 0.5459332466125488
3.5929908752441406 0.6753237247467041
4.229940414428711 0.7334942817687988
4.8423752784729 0.7902796268463135
5.369112491607666 0.8692624568939209
5.898906707763672 0.9471957683563232
6.348787307739258 1.0490206480026245
7.088551044464111 1.2179473638534546
7.773831844329834 1.3312941789627075
8.380936622619629 1.4676029682159424
8.710310935974121 1.8828661441802979
8.92129898071289 2.426865339279175
8.951683044433594 2.9629898071289062
8.711686134338379 3.457252264022827
8.200593948364258 3.5925183296203613
7.688597679138184 3.70106840133667
7.228236198425293 3.8392767906188965
6.974310874938965 4.147095680236816
6.637155532836914 4.449528694152832
6.222857475280762 4.722564220428467
5.891214370727539 4.973894119262695
5.293156623840332 5.211447238922119
4.915452003479004 5.299007415771484
4.475395202636719 4.983811378479004
4.090199947357178 4.726960182189941
3.8097891807556152 4.444943904876709
3.3886451721191406 4.345950126647949
2.8351612091064453 4.186162948608398
2.4417877197265625 4.060213088989258
1.893338680267334 3.8206074237823486
1.7615818977355957 3.226410150527954
1.8415851593017578 2.6701467037200928
2.3927199840545654 2.3244376182556152
2.7241828441619873 2.0736095905303955
3.082854747772217 1.8505696058273315
3.3815085887908936 1.8136544227600098
3.7584080696105957 1.643667459487915
4.417144298553467 1.275909662246704
4.691895484924316 1.158087134361267
5.023703575134277 0.9086592197418213
5.5768022537231445 0.47842884063720703
6.082513809204102 0.5029761791229248
6.540200710296631 0.39153075218200684
7.236392021179199 0.3452026844024658
8.037668228149414 0.3568422794342041
8.569404602050781 0.35690832138061523
9.125492095947266 0.38437628746032715
9.821012496948242 0.44362568855285645
10.324869155883789 0.49417805671691895
10.739316940307617 0.7283365726470947
11.260395050048828 0.9934141635894775
11.562158584594727 1.3553264141082764
11.560346603393555 1.9955222606658936
11.271013259887695 2.4618570804595947
11.064233779907227 2.8783490657806396
10.61810302734375 3.229860544204712
10.151765823364258 2.9668314456939697
9.648148536682129 2.83603835105896
9.062417984008789 2.754958391189575
8.535231590270996 2.6745173931121826
7.846893310546875 2.64133882522583
7.072710990905762 2.5779247283935547
